1,35.08787,35.79634,3.237035,14.63321,13.86709
2,35.08649,35.79739,3.237947,14.65076,14.91333
3,35.086,35.79604,3.231672,14.66189,13.58142
4,35.08653,35.79497,3.238724,14.6529,14.53921
5,35.08573,35.79573,3.249879,14.64218,13.61302
6,35.08608,35.79647,3.253455,14.61862,13.90051
7,35.08672,35.79777,3.258075,14.63053,13.75112
8,35.08827,35.79721,3.269817,14.63774,14.26105
9,35.08924,35.79745,3.254402,14.63288,14.72575
10,35.08952,35.79684,3.258177,14.64212,14.44918
11,35.09094,35.79348,3.271595,14.64095,15.07336
12,35.08989,35.79098,3.27681,14.63964,13.68772
13,35.09035,35.79235,3.28656,14.6213,14.29089
14,35.09064,35.79234,3.297894,14.62994,13.85719
15,35.09148,35.79177,3.305271,14.63622,13.86166
16,35.09076,35.79408,3.314126,14.64491,14.05801
17,35.09153,35.79353,3.327868,14.6518,14.14516
18,35.09283,35.7921,3.337287,14.65283,14.01761
19,35.09216,35.79101,3.323849,14.66574,13.46999
20,35.09048,35.79116,3.305342,14.67679,13.34376
21,35.09037,35.79193,3.29633,14.69144,13.24237
22,35.08978,35.79331,3.289508,14.69537,13.71308
23,35.0886,35.79502,3.291986,14.70386,13.6194
24,35.08817,35.79325,3.306545,14.69146,12.9365
25,35.08661,35.79243,3.300723,14.67094,13.35872
26,35.08765,35.7905,3.304536,14.6713,12.79207
27,35.08796,35.78923,3.305532,14.6704,13.32966
28,35.08708,35.79026,3.309788,14.67365,13.41881
29,35.08709,35.79089,3.299685,14.69032,13.48843
30,35.08673,35.79217,3.304209,14.71643,13.53893
31,35.0866,35.79137,3.302393,14.70892,12.70086
32,35.08572,35.79085,3.313035,14.7195,13.47919
33,35.08628,35.78959,3.331344,14.70139,12.92424
34,35.0869,35.78817,3.31548,14.69787,13.8959
35,35.08498,35.78904,3.298395,14.68778,14.11892
36,35.08341,35.78886,3.273046,14.70023,11.99347
37,35.08288,35.78889,3.256118,14.69714,13.42188
38,35.0836,35.78952,3.256105,14.71123,12.69132
39,35.08467,35.79007,3.278826,14.7067,13.01996
40,35.08292,35.78946,3.276232,14.70154,12.70427
41,35.08097,35.78996,3.291833,14.69058,13.19746
42,35.0803,35.79009,3.282021,14.68532,13.72369
43,35.08158,35.78992,3.278605,14.68927,12.93898
44,35.08209,35.78939,3.267388,14.70342,13.70934
45,35.08253,35.7914,3.274904,14.70293,13.54047
46,35.0838,35.79137,3.266068,14.68403,13.22829
47,35.08446,35.79264,3.260413,14.69372,13.26055
48,35.08611,35.79215,3.257092,14.68449,13.39794
49,35.08695,35.79253,3.263988,14.68299,13.66335
50,35.08533,35.79239,3.251323,14.70924,14.05771
51,35.0824,35.79404,3.261303,14.69404,14.37834
52,35.0831,35.79355,3.266495,14.6639,12.50583
53,35.08295,35.79415,3.269301,14.66568,13.65783
54,35.08368,35.79603,3.273876,14.66719,14.58043
55,35.08451,35.79554,3.263991,14.68319,13.82806
56,35.08414,35.79493,3.273916,14.67233,13.63174
57,35.08402,35.79527,3.266786,14.66014,14.21412
58,35.08488,35.79447,3.25844,14.6623,13.76297
59,35.08454,35.79264,3.266242,14.69039,13.54014
60,35.08372,35.79213,3.275604,14.67059,12.54341
61,35.08288,35.7915,3.278367,14.65537,12.49553
62,35.08224,35.79113,3.282295,14.69271,13.6465
63,35.08118,35.79243,3.280928,14.69376,13.62339
64,35.08055,35.79322,3.275419,14.67419,13.34538
65,35.08146,35.79209,3.275568,14.65272,12.41862
66,35.0819,35.79092,3.281105,14.64749,13.09262
67,35.08048,35.79171,3.271877,14.67454,13.7136
68,35.07955,35.79321,3.269848,14.68513,12.31738
69,35.07857,35.79307,3.26486,14.67453,12.78615
70,35.07803,35.79224,3.25754,14.68152,13.04072
71,35.07735,35.79244,3.246241,14.68936,13.44281
72,35.07901,35.7903,3.246291,14.65579,13.32094
73,35.07813,35.78989,3.231479,14.64279,13.41263
74,35.07722,35.78992,3.229976,14.69075,11.99973
75,35.07521,35.78967,3.229664,14.68802,12.5454
76,35.07451,35.78886,3.228942,14.66561,13.59004
77,35.07378,35.79118,3.230245,14.66295,12.59746
78,35.07452,35.79356,3.227755,14.67544,13.59654
79,35.07438,35.794,3.240635,14.68119,13.95457
80,35.07519,35.7938,3.244032,14.68189,14.3948
81,35.07664,35.79361,3.26086,14.6653,13.86849
82,35.07761,35.79123,3.263025,14.66611,14.14789
83,35.07812,35.78822,3.265088,14.65944,13.72577
84,35.07824,35.78743,3.263291,14.65534,13.02669
85,35.07789,35.78843,3.260999,14.67775,12.83006
86,35.07707,35.78745,3.259179,14.66451,13.58235
87,35.07611,35.78608,3.268625,14.67301,13.90896
88,35.07595,35.78492,3.262027,14.68446,14.45371
89,35.07619,35.78525,3.257036,14.67636,13.77775
90,35.0775,35.78709,3.250883,14.6963,13.69283
91,35.0785,35.78792,3.240216,14.69483,13.63538
92,35.07738,35.78819,3.2355,14.68132,13.38315
93,35.07794,35.78661,3.241006,14.68187,13.57878
94,35.07848,35.78785,3.243897,14.66024,12.98386
95,35.07909,35.78931,3.257113,14.65243,13.19951
96,35.07905,35.78896,3.271908,14.67584,13.72768
97,35.07918,35.7899,3.265559,14.6693,13.44372
98,35.08051,35.78929,3.271819,14.65198,13.80681
99,35.08216,35.78791,3.286187,14.65695,14.21159
100,35.08381,35.78778,3.284993,14.65061,13.78417
101,35.08478,35.78813,3.292509,14.66595,13.74818
102,35.08458,35.79081,3.295573,14.65541,13.07983
103,35.08413,35.79136,3.306763,14.65543,14.6449
104,35.08359,35.79161,3.314626,14.66395,14.14977
105,35.08197,35.79316,3.320887,14.64931,14.29277
106,35.08262,35.79177,3.318901,14.64743,13.26184
107,35.08103,35.79055,3.319627,14.65683,13.5674
108,35.07958,35.79165,3.307206,14.67254,13.68818
109,35.07893,35.79414,3.304376,14.67177,13.00681
110,35.07953,35.79516,3.312251,14.66491,14.33179
111,35.08019,35.7973,3.300623,14.65663,13.95703
112,35.08006,35.79935,3.302507,14.66315,13.53299
113,35.07936,35.80122,3.305626,14.6768,13.264
114,35.07862,35.80295,3.304147,14.66133,13.79924
115,35.07774,35.80365,3.309417,14.67765,13.69287
116,35.07673,35.80294,3.312684,14.68614,13.13997
117,35.07569,35.80204,3.306767,14.69589,13.36099
118,35.07741,35.79888,3.310207,14.70576,13.36728
119,35.07797,35.79742,3.29927,14.72682,13.38815
120,35.0792,35.79781,3.307247,14.71856,12.75712
121,35.08017,35.79892,3.310367,14.70832,12.2871
122,35.08047,35.80029,3.316442,14.70491,12.17966
123,35.08039,35.80231,3.318746,14.71888,13.01797
124,35.08022,35.80237,3.306695,14.72895,13.62526
125,35.07969,35.80328,3.309509,14.72572,12.56002
126,35.0801,35.80301,3.324901,14.71895,12.93093
127,35.07792,35.80401,3.3038,14.72686,12.80816
128,35.07831,35.80133,3.299661,14.71784,13.61824
129,35.07871,35.80151,3.292974,14.71611,13.66542
130,35.0793,35.80205,3.289361,14.72775,12.07698
131,35.07983,35.80188,3.293289,14.72606,13.69944
132,35.07873,35.80089,3.307439,14.73444,13.1461
133,35.07841,35.80072,3.306194,14.72106,13.53557
134,35.07845,35.80165,3.296084,14.72996,12.50474
135,35.07634,35.80459,3.288698,14.74488,13.39006
136,35.07399,35.80686,3.294904,14.75507,12.6386
137,35.07355,35.80638,3.285671,14.75013,12.94993
138,35.07306,35.80839,3.289901,14.75686,13.07087
139,35.07317,35.80989,3.286292,14.77504,12.23157
140,35.07292,35.8084,3.288864,14.754,13.05545
141,35.07393,35.80825,3.303394,14.73694,13.35449
142,35.07456,35.80738,3.312129,14.75618,12.61899
143,35.07462,35.80674,3.317867,14.75954,13.43953
144,35.07228,35.80766,3.307342,14.7386,12.63919
145,35.07034,35.80871,3.283138,14.75403,14.10611
146,35.06818,35.8093,3.28766,14.76186,13.67739
147,35.06964,35.80911,3.314886,14.73632,13.30578
148,35.07215,35.80862,3.316255,14.71836,12.4745
149,35.07384,35.80848,3.323591,14.75309,13.36931
150,35.07337,35.80853,3.343678,14.75575,13.02484
151,35.07135,35.80696,3.336932,14.71704,13.09092
152,35.06994,35.80796,3.313542,14.71502,13.45167
153,35.06889,35.81105,3.303159,14.73466,14.20848
154,35.06661,35.81567,3.294872,14.76554,13.00071
155,35.06531,35.81602,3.293463,14.77184,13.4344
156,35.06485,35.81732,3.292299,14.76497,13.247
157,35.06575,35.81656,3.301303,14.78432,12.47095
158,35.06725,35.81472,3.309103,14.7821,12.70194
159,35.06879,35.81395,3.297941,14.80652,12.57227
160,35.06927,35.81545,3.292794,14.80707,12.51089
161,35.07119,35.8161,3.299985,14.80838,12.45389
162,35.07204,35.81668,3.289961,14.82111,12.4583
163,35.07211,35.81614,3.288314,14.82289,12.00153
164,35.07161,35.81368,3.29117,14.80553,13.20496
165,35.07228,35.8138,3.291394,14.81159,12.51073
166,35.0715,35.81411,3.288812,14.81804,12.56343
167,35.07097,35.81488,3.288639,14.7889,12.51692
168,35.07151,35.8168,3.287405,14.7757,12.78817
169,35.0719,35.81701,3.280744,14.79328,12.302
170,35.07375,35.8175,3.278335,14.79381,13.01518
171,35.07526,35.81822,3.276864,14.78769,12.93616
172,35.07716,35.81655,3.284049,14.79708,13.27777
173,35.07769,35.81525,3.281514,14.79404,14.29267
174,35.07563,35.81754,3.277221,14.80855,13.11115
175,35.07768,35.81527,3.28644,14.77714,13.69982
176,35.07972,35.81529,3.281646,14.75823,13.15431
177,35.08013,35.81906,3.277646,14.75732,13.82481
178,35.0797,35.82015,3.293905,14.77042,13.87586
179,35.07857,35.82161,3.282687,14.79125,13.62294
180,35.07975,35.82086,3.292696,14.78893,14.79452
181,35.08081,35.82124,3.291228,14.79886,13.54041
182,35.08078,35.82117,3.298236,14.78366,12.7492
183,35.08099,35.82053,3.300766,14.78838,14.82912
184,35.08278,35.81915,3.301854,14.79438,14.64428
185,35.08417,35.81688,3.326291,14.79758,13.76065
186,35.08523,35.8148,3.326236,14.76668,13.06002
187,35.08704,35.81316,3.324583,14.78415,12.37274
188,35.08654,35.81399,3.304408,14.79533,12.41827
189,35.08693,35.81387,3.298656,14.82096,12.79093
190,35.0878,35.8114,3.318384,14.76907,12.59938
191,35.08919,35.81027,3.323588,14.71757,11.9201
192,35.08693,35.81086,3.315386,14.73835,13.15956
193,35.0852,35.81026,3.326582,14.76268,14.12978
194,35.0839,35.81072,3.324152,14.75343,13.24897
195,35.08334,35.81086,3.324044,14.7798,12.28982
196,35.08258,35.81124,3.327245,14.79204,13.20981
197,35.08529,35.80754,3.340108,14.7783,14.37071
198,35.08534,35.8046,3.326056,14.76079,13.38442
199,35.08699,35.805,3.329006,14.75659,13.97149
200,35.08747,35.80635,3.333057,14.74784,13.6044
201,35.08758,35.80642,3.328651,14.73412,13.49
202,35.0851,35.80722,3.337904,14.75425,14.09397
203,35.08524,35.80541,3.33685,14.74257,14.03858
204,35.08555,35.8032,3.333477,14.73828,13.35227
205,35.08361,35.80042,3.326979,14.72655,14.48254
206,35.0831,35.8001,3.33538,14.74756,13.51632
207,35.0831,35.80043,3.358173,14.75201,13.75942
208,35.08321,35.79917,3.349954,14.72814,12.66622
209,35.08279,35.798,3.350169,14.73628,12.64309
210,35.08322,35.79752,3.346363,14.74025,13.76488
211,35.08448,35.79833,3.338949,14.7414,13.7431
212,35.08341,35.80074,3.330897,14.74526,12.92748
213,35.0831,35.8031,3.319134,14.76387,13.36648
214,35.08358,35.8022,3.30599,14.75714,13.52934
215,35.08524,35.79939,3.318294,14.75965,13.10998
216,35.08584,35.79855,3.327837,14.75811,13.25381
217,35.08575,35.79724,3.339264,14.71455,13.92016
218,35.08355,35.7958,3.33015,14.7053,12.97502
219,35.08173,35.79454,3.331916,14.73142,13.97528
220,35.08133,35.79417,3.329028,14.7173,13.32895
221,35.0817,35.79367,3.337003,14.72936,13.56042
222,35.08273,35.79213,3.34457,14.71759,13.27359
223,35.08244,35.79242,3.356178,14.69812,13.77187
224,35.0825,35.79176,3.36778,14.70588,13.55524
225,35.08279,35.79173,3.360779,14.68512,13.72459
226,35.08158,35.79258,3.359825,14.68196,14.28037
227,35.08129,35.79229,3.384235,14.70838,13.89578
228,35.08051,35.79272,3.377048,14.68662,13.57275
229,35.08039,35.79214,3.370527,14.67804,13.35764
230,35.07866,35.79181,3.366,14.71074,13.57238
231,35.07832,35.79326,3.383903,14.70852,13.98367
232,35.07711,35.79419,3.376252,14.71282,12.93753
233,35.07623,35.79351,3.362588,14.72166,14.69851
234,35.07473,35.79548,3.353681,14.72176,13.73894
235,35.07549,35.79537,3.345374,14.73813,13.62993
236,35.07558,35.79352,3.362064,14.74167,13.54799
237,35.07446,35.79239,3.351098,14.74893,13.46135
238,35.07412,35.78994,3.335267,14.7428,14.26678
239,35.07494,35.79103,3.349722,14.73917,13.57231
240,35.07625,35.7897,3.349766,14.72648,12.66877
241,35.07647,35.78788,3.354362,14.71826,13.45738
242,35.07733,35.78974,3.365556,14.69764,13.18219
243,35.07668,35.79037,3.37139,14.7118,13.07723
244,35.07625,35.79052,3.365085,14.70877,13.94802
245,35.07662,35.79211,3.357761,14.7205,13.26415
246,35.07671,35.79441,3.353446,14.74044,12.92952
247,35.07654,35.79674,3.354017,14.76392,12.02704
248,35.07679,35.79525,3.344805,14.75111,11.92294
249,35.07658,35.7953,3.344866,14.75333,12.97654
250,35.07607,35.79625,3.356812,14.75066,12.99815
251,35.07528,35.79565,3.348317,14.76219,12.70805
252,35.07403,35.79807,3.335946,14.75848,13.06837
253,35.07445,35.79929,3.330233,14.7533,13.50902
254,35.07193,35.80153,3.323948,14.7589,12.62508
255,35.07145,35.80169,3.318472,14.75872,12.98442
256,35.06973,35.80174,3.306724,14.762,13.60938
257,35.0704,35.80411,3.312092,14.77048,13.35172
258,35.07011,35.80651,3.308503,14.77839,13.01842
259,35.07053,35.80734,3.314716,14.80803,12.95284
260,35.07115,35.80567,3.322888,14.80442,12.42685
261,35.07243,35.80377,3.313506,14.78624,12.90928
262,35.07357,35.8039,3.303009,14.79012,12.7608
263,35.07174,35.8036,3.293598,14.80367,12.91562
264,35.07159,35.80415,3.29257,14.79417,12.89571
265,35.07056,35.80352,3.301358,14.79951,12.34746
266,35.06955,35.8035,3.295146,14.79123,12.99253
267,35.07095,35.80304,3.308476,14.78996,13.5413
268,35.07243,35.80081,3.309973,14.77402,13.34158
269,35.07444,35.7985,3.311801,14.7501,12.79887
270,35.07434,35.80072,3.310362,14.75221,12.78926
271,35.07507,35.8027,3.317466,14.7682,13.18905
272,35.07625,35.80238,3.316017,14.76631,12.84896
273,35.07519,35.80071,3.302873,14.74762,11.43849
274,35.07374,35.80152,3.285825,14.76541,13.21182
275,35.07195,35.80272,3.273524,14.77692,13.06881
276,35.07116,35.80334,3.267996,14.76622,12.44494
277,35.07228,35.80359,3.28023,14.77425,12.38023
278,35.07216,35.80417,3.285904,14.77538,13.01185
279,35.07188,35.80472,3.294795,14.76535,13.08956
280,35.07124,35.80649,3.289957,14.74436,14.13505
281,35.07156,35.80878,3.284443,14.77018,12.65589
282,35.07032,35.8096,3.297506,14.78667,14.5772
283,35.07225,35.80815,3.304273,14.75997,13.01925
284,35.07405,35.80793,3.292651,14.77403,13.39882
285,35.07626,35.80861,3.294048,14.79289,14.00942
286,35.07808,35.80824,3.295067,14.77508,13.9012
287,35.0786,35.80761,3.288757,14.77609,13.16708
288,35.07768,35.81017,3.283126,14.76879,13.44955
289,35.07864,35.80867,3.297364,14.74555,13.40362
290,35.07901,35.80743,3.299259,14.73557,11.82076
291,35.07968,35.80799,3.317768,14.7446,13.61964
292,35.08012,35.80683,3.322557,14.7675,13.31568
293,35.08036,35.80561,3.320381,14.76565,12.88582
294,35.08085,35.80361,3.321943,14.76288,14.17005
295,35.0817,35.80286,3.3221,14.74436,12.91822
296,35.08139,35.80276,3.321571,14.74905,12.91743
297,35.07972,35.80268,3.322664,14.74019,13.99315
298,35.07827,35.80125,3.325043,14.74693,14.28969
299,35.07766,35.8012,3.316869,14.76894,12.70703
300,35.07648,35.80234,3.314618,14.7655,12.90768
